11(3.035509e-13)
79(3.014995e-13)
61(3.014995e-13)
49(3.145468e-13)
28(3.094204e-13)
99(3.082380e-13)
83(3.265602e-13)
8(3.366528e-13)
37(3.328592e-13)
12(3.231300e-13)
41(3.207981e-13)
78(3.221239e-13)
43(3.223466e-13)
97(3.091040e-13)
39(3.140606e-13)
96(3.397177e-13)
71(3.478955e-13)
52(3.293888e-13)
65(3.098855e-13)
16(3.061308e-13)
10(3.237578e-13)
9(3.327964e-13)
5(3.428917e-13)
54(3.257599e-13)
4(3.332905e-13)
64(2.981567e-13)
47(3.056467e-13)
3(3.091100e-13)
93(3.104446e-13)
34(3.213086e-13)
72(3.354395e-13)
33(3.350870e-13)
45(3.275318e-13)
51(3.193050e-13)
91(3.223104e-13)
1(3.117187e-13)
27(3.117187e-13)
69(3.133180e-13)
40(3.180077e-13)
22(2.816384e-13)
14(2.913668e-13)
74(2.964290e-13)
87(2.909819e-13)
75(2.939528e-13)
7(2.797505e-13)
21(2.755733e-13)
88(2.724427e-13)
58(2.600429e-13)
31(2.939081e-13)
84(2.807453e-13)
80(2.709835e-13)
48(2.457866e-13)
85(2.186281e-13)
90(2.169264e-13)
59(2.257051e-13)
95(2.189537e-13)
17(2.012299e-13)
25(2.068478e-13)
15(1.771702e-13)
57(1.719184e-13)
81(1.489741e-13)
20(1.440396e-13)
18(1.275970e-13)
24(9.502714e-14)
68(9.467174e-14)
55(8.007702e-14)
19(8.103482e-14)
62(8.794809e-14)
23(1.140946e-13)
36(1.068750e-13)
60(1.137635e-13)
89(8.663209e-14)
38(7.903788e-14)
56(8.134602e-14)
13(8.473625e-14)
92(7.692585e-14)
26(6.337012e-14)
63(5.481810e-14)
53(5.985448e-14)
35(4.760197e-14)
29(5.118257e-14)
6(6.474722e-14)
76(3.653506e-14)
82(2.960992e-14)
77(1.183532e-14)
70(9.211743e-15)
30(9.211743e-15)
66(9.865042e-15)
32(8.541740e-15)
46(9.667858e-15)
44(1.102489e-14)
67(9.946632e-15)
100(2.526824e-15)
42(2.252762e-15)
98(2.581728e-15)
50(2.268975e-15)
94(2.479362e-15)
73(2.605887e-15)
86(2.286551e-15)
2(2.462407e-15)
